1011 0000 0000 0001 0000000000000000(n)
1011 0000 0000 0010 0000000000000000
1011 0000 0000 0011 0000000000000001
1011 0000 0000 0100 0000000000000000
1011 0000 0000 0101 0000000000000000
1110 0001 0101 0000 0000000000010011
1011 0101 0000 0101 0000000000000001
1110 0001 0101 0000 0000000000001110
1011 0101 0000 0101 0000000000000001
1011 0100 0000 0100 0000000000000001
1110 0001 0101 0000 0000000000000111
0001 0011 0010 0100 0000000000000000
1100 0100 0000 0000 0000000000000000
0001 0000 0011 0010 0000000000000000
0001 0000 0100 0011 0000000000000000
1011 0101 0000 0101 0000000000000001
1101 0000 0000 0000 1111111111111010
0000 0000 0000 0000 0000000000000000
0001 0011 0010 0000 0000000000000000
1100 0100 0000 0000 0000000000000000
1111 0000 0000 0000 0000000000000000
0000 0000 0000 0000 0000000000000000
1100 0101 0000 0000 0000000000000000
1111 0000 0000 0000 0000000000000000
0000 0000 0000 0000 0000000000000000-
1100 0100 0000 0000 0000000000000000
1111 0000 0000 0000 0000000000000000
